#name ra dec dm edm_plus edm_minus rh erh_plus  erh_minus ellip e_ellip_plus  e_ellip_minus  PA ePA_plus ePA_minus av_vlos e_av_vlos_plus  e_av_vlos_minus sig_v_vlos e_sig_v_vlos_plus  e_sig_v_vlos_minus av_fe e_av_fe_plus  e_av_fe_minus type priority sig(Fe) esig(Fe)_plus esig(Fe)_mius mua_refl mud_refl max_pm l b  reference
AntliaII            143.8867   -36.7673   20.6 0.11  0.11   76.2 7.2  7.2      0.38 0.08  0.08  156.0 6.0  6.0      290.7 0.5  0.5      5.71 1.08  1.08      -1.36 0.04  0.04      UFD  high  0.57 0.03 0.03  -0.049532 -0.0792758 0.5787 264.893 11.253   1;1;1;1;1;1;1;1;1
AquariusII          338.4813    -9.3274   20.16 0.07  0.07   5.1 0.8  0.8      0.39 0.09  0.09  121.0 9.0  9.0      -71.1 2.5  2.5      5.4 3.4  0.9      -2.3 0.5  0.5      UFD  high  99999 99999 99999 0.140653 -0.407929 0.760886 55.1091 -53.0163  2;2;2;2;2;2;2;2;- 
BootesI             210.0225    14.5006   19.11 0.08  0.08  12.8 0.7  0.7      0.26 0.01  0.01  13.8 3.9  3.9       101.8 0.7  0.7      2.4 0.9  0.5      -2.55 0.11  0.11      UFD  high   0.37 0.08 0.08  -0.522183 -0.602763 1.41686 358.091 69.6171   3;4;3;5;5;6;6a;7;7
BootesII            209.51792   12.8525   18.1 0.06  0.06    2.6 0.8  0.8      0.34 0.15  0.15  -28.5 57.0  57.0   -117.0 5.2  5.2      10.5 7.4  7.4      -2.79 0.06  0.1      UFD  high  99999 0.35 99999  -0.82959 -0.962322 2.54238 353.704 68.8643   8;8;8;8;8;9;9;10;10
BootesIII           209.30000   26.80000  18.35  0.1 0.1     30 15 15          0.5 0.2 0.2     90 20 20             197.5 3.8 3.8       14 3.2 3.2  -2.1 0.2 0.2  UFD low  0.55 0.19 0.19 -0.738733 -0.831354 2.18565 35.4002 75.3451              11;11;11b;12c;11;13;13;13;14
BootesIV            233.6892    43.7261   21.6 0.2  0.2      7.6 0.8  0.8      0.64 0.05  0.05  3.0 4.0  4.0      99999 99999 99999 99999 99999 99999 99999 99999 99999  UFD  high  99999 99999 99999 -0.167678 -0.114404 0.316901 70.6721 53.2982   15;15;15;15;15;-;-;-;-
CanesVenaticiI      202.0091   33.5521  21.62 0.05  0.05   7.48 0.2  0.2     0.45 0.02  0.02  80.0 2.0  2.0        30.9 0.6  0.6      7.6 0.4  0.4      -1.91 0.01  0.01      UFD  high   0.44 99999 99999  -0.152361 -0.182878 0.299344 74.2709 79.8166   16;17;16;16;16;18;18;19;19 
CanesVenaticiII     194.2927   34.3226   21.02 0.06  0.06   1.43 0.24  0.24   0.41 0.13  0.13   9.0 13.0  13.0    -128.9 1.2  1.2      4.6 1.0  1.0      -2.12 0.05  0.05      UFD  high  0.59 99999 99999  -0.194678 -0.26335 0.449758 113.51 82.7018     16;20;16;16;16;18;18;19;19
Carina              100.4065  -50.9593  20.12 0.12  0.12  10.2 0.1  0.1      0.37 0.01  0.01  60.0 1.0  1.0       222.9 0.1  0.1      6.6 1.2  1.2      -1.72 0.01  0.01      dSph  high  0.24 99999 99999  0.183989 -0.0139608 0.774294 260.107 -22.2178  16;21;16;16;16;22;22;23;23
CarinaII            114.1067   -57.9991   17.79 0.05  0.05   8.69 0.75  0.75   0.34 0.07  0.07 170.0 9.0  9.0       477.2 1.2  1.2      3.4 1.2  0.8      -2.44 0.09  0.09      UFD  high  0.22 0.1 0.07 0.324328 0.214255 2.97683 269.976 -17.1353   24;24;24;24;24;25;25;25;25
CarinaIII           114.6298   -57.8997   17.22 0.1  0.1     3.75 1.0  1.0     0.55 0.18  0.18 150.0 14.0  14.0     284.6 3.4  3.1      5.6 4.3  2.1      -1.8 0.2  0.2      UFD  high  1.15 0.58 0.58 0.410613 0.278597 4.08256 270.001 -16.8412   24;24;24;24;24;25;25;24;26
CentaurusI          189.585    -40.902    20.33 0.1  0.1     2.9 0.5  0.4      0.4 0.1  0.1     20.0 11.0  11.0   99999 99999 99999 99999 99999 99999 -1.8 99999 99999  UFD  high  99999 99999 99999 -0.254411 -0.143299 0.688458 300.265 21.9022   27;27;27;27;27;-;27;-;-
CetusII              19.47     -17.42     17.38 0.2  0.2     1.9 1.0  0.5      0 0.4 0         99999 99999 99999  99999 99999 99999  99999  99999 99999 -1.28 0.07  0.07      UFD  low  99999 99999 99999 1.23838 -1.58612 4.31453 156.497 -78.5266  28;28;28;28;28;-;-;29;-
CetusIII            31.331     -4.27     22.0 0.2  0.1      1.23 0.42  0.19   0.76 0.06  0.08  101.0 5.0  6.0    99999 99999 99999 99999 99999 99999 99999 99999 99999  UFD  high  99999 99999 99999 0.13869 -0.157841 0.246052 163.818 -61.1278  30;30;30;30;30;-;-;-;-
ColumbaI             82.85696  -28.04253  21.31 0.11  0.11   2.2 0.2  0.2      0.3 0.1 0.1       24 9 9             153.7 5.0  4.8    0 16.1 0         -2.37 0.35 0.34  UFD  high  0.71 0.49 0.24 0.15025 -0.130984 0.374383 231.628 -28.8775   31;31;31;31;31;32;32;32;32
ComaBerenices       186.7458    23.9069   18.13 0.08  0.08   5.67 0.32  0.32   0.37 0.05  0.05  -58.0 4  4           98.1 0.9  0.9   4.6 0.8  0.8      -2.25 0.05  0.05      UFD  high  0.43 99999 99999 -0.655201 -1.01812 2.35441 241.92 83.6185  16;33;16;16;16;18;18;19;19
CraterI             174.066    -10.8778   20.81  0.05  0.05  0.43  0.01  0.01  0  0.055 0      99999 99999 99999     149.3  1.2  1.2  0  3.9  0  -1.68  0.05  0.05  UFD medium  0 0.4 0  -0.160075 -0.230074 0.511498 274.811 47.8504    34;35;35;35;35;36;36;36;36
CraterII            177.328    -18.418    20.333 0.07  0.07 31.2 2.5  2.5      0.12 0.02 0.02   135 4 4               87.5 0.4  0.4      2.7 0.3  0.3      -1.98 0.1  0.1      UFD  high  0.22 0.04 0.03  -0.212178 -0.249669 0.683027 282.912 42.0304  37;37;38;37;37;39;39;39;39
Delve1              247.725     -0.972    16.39  0.1  0.1    0.97  0.24  0.17  0.2  0.1  0.2     21  26  30       99999  99999  99999  99999  99999  99999  -1.5  99999  99999  UFD medium  99999 99999 99999 -1.70995 -2.07991 6.95027 14.1858 30.282  27;27;27;27;27;-;-;27;-
Delve2               28.772    -68.253    19.26  0.1  0.1    1.04  0.19  0.15  0.03  0.15  0.03  74  84  40       99999  99999  99999  99999  99999  99999  -2.0  0.2  0.5  UFD high  99999 99999 99999  0.484695 -0.321095 1.29358 294.224 -47.7851    40;40;40;40;40;-;40;-;-
DESJ0225+0304        36.4267     3.0695   16.88 0.06  0.05   2.68 1.33  0.7    0.61 0.14  0.23   31.3 11.5  13.4  99999 99999 99999 99999 99999 99999  -1.26 0.03  0.03      UFD  medium   99999 99999 99999  1.48755 -1.63749 4.75732 163.586 -52.1957  41;41;41;41;41;-;-;-;-
Draco               260.0684    57.9185   19.53 0.07  0.07    9.61 0.1  0.1     0.3 0.01  0.01    87.0 1.0  1.0      -292.3 0.4  0.4      9.0 0.3  0.3      -1.98 0.01  0.01      dSph  high  0.35 0.02 0.02  -0.361004 -0.0351523 1.12359 86.3598 34.7167 16;42;16;16;16;43;43;19;19
DracoII             238.174     64.579    16.67 0.05  0.05   3.0 0.7  0.5      0.23 0.15  0.15   76.0 22.0  32.0    -342.5 1.1  1.2      0 5.9 0          -2.7 0.1  0.1      UFD  high   99999 0.24 99999  -1.59522 -0.397692 5.46734 98.2838 42.8765     44;44;44;44;44;44;44;44;44
EridanusII           56.08375  -43.5338   22.8 0.1  0.1      2.31 0.12  0.12   0.48 0.04  0.04   72.6 3.3  3.3        75.6 3.3  3.3      6.9 1.2  0.9      -2.38 0.13  0.13      UFD  high  0.47 0.12 0.09  0.0913599 -0.0605038 0.166456 249.772 -51.6396  45;45;45;45;45;46;46;46;46
EridanusIII          35.6897   -52.2837   19.8 0.04  0.04    0.32 0.04  0.03   0.44 0.02  0.03  109.0 5.0  5.0    99999 99999 99999 99999 99999 99999 -2.40 0.19 0.12  UFD  medium  99999 99999 99999  0.405285 -0.31834 0.992841 274.943 -59.5952   47;47;47;47;47;-;-;47;-
Fornax               39.96667  -34.51361  20.72 0.04  0.04  18.5 0.1  0.1      0.30 0.01  0.01   46.8 1.6  1.6        54.1 0.5  0.5      11.4 0.4  0.4      -1.04 0.01  0.01      dSph  high  0.33 99999 99999  0.241487 -0.227525 0.499684 237.093 -65.6438   48;49;48;48;48;48;48;19;19
GrusI               344.166    -50.168    20.51 0.10  0.10   4.16 0.54  0.74   0.44 0.08  0.10  153 8  7            -140.5 2.4  1.6      0  9.8 0  -1.88 0.09  0.03      UFD  high  0 0.9 0  0.144374 -0.384223 0.618507 338.665 -58.2416    50;51;50;50;50;52;52;50;50
GrusII              331.025    -46.442    18.70 0.08  0.08   5.9 0.5  0.5      0 0.21 0        99999 99999 99999    -110.0 0.5  0.5      0 2.0 0  -2.51 0.11  0.11      UFD  high   0 0.45 0  0.196107 -0.934723 1.80989 351.133 -51.945    73;73;73;73;73;73;73;73;73
Hercules            247.7722   12.7852  20.68 0.17  0.17   5.83 0.65  0.65   0.70 0.03  0.03  -74.0 2.0  2.0        45.0 1.1  1.1      5.1 0.9  0.9      -2.39 0.04  0.04      UFD  high  0.51 99999 99999  -0.245963 -0.265281 0.588345 28.7252 36.8629  16;74;16;16;16;18;18;19;19
HorologiumI          43.8813   -54.1160   19.5 0.2  0.2      1.71 0.37  0.37   0.32 0.13  0.13   53.0 27.0  27.0     112.8 2.5  2.6      4.9 2.8  0.9      -2.76 0.1  0.1      UFD  high  0.17 0.2 0.03  0.448337 -0.285736 1.11647 271.374 -54.7285  16;53;16;16;16;54;54;54;54
HorologiumII         49.1077   -50.0486   19.46 0.2  0.2     2.17 0.59  0.59   0.71 0.17  0.17  137.0 12.0  12.0     168.7 12.9  12.6     0 54.6 0  -1.87  0.36 0.5  UFD  high  0 1.93 0  0.454347 -0.287605 1.13922 262.46 -54.1321   16;55;16;16;16;32;32;32;32 
HydraII             185.4251   -31.9860   20.89 0.12  0.12   1.65 0.39  0.39   0.25 0.16  0.16   13.0 28.0  28.0     303.1 1.4  1.4     0 3.6 0  -2.02 0.08  0.08      UFD  high  0.4 0.48 0.26  -0.209299 -0.161354 0.570119 295.619 30.4647   16;56;16;16;16;36;36;36;36
HydrusI              37.3892   -79.3089   17.2 0.04  0.04    7.42 0.62  0.54   0.21 0.15  0.07   97.0 14.0  14.0      80.4 0.6  0.6      2.69 0.51  0.43      -2.52 0.09  0.09      UFD  high 0.41 0.08 0.08 1.28615 -0.395416 4.23144 297.407 -36.7455   57;57;57;57;57;57;57;57;57
IndusI                317.20821  -51.1635   20.1 0.1  0.1      0.42 0.02  0.02   0.12 0.1  0.1     35.0 5.0  5.0    99999 99999 99999 99999 99999 99999 99999 99999 99999  UFD  medium  99999 99999 99999 0.0241137 -0.522634 0.845852 347.148 -42.0771   58;58;58;58;58;-;-;-;-
IndusII             309.72     -46.16     21.65 0.16  0.16   2.9 1.1  1.0      0  0.4 0        99999 99999 99999  99999 99999 99999 99999 99999 99999 99999 99999 99999  UFD  low  99999 99999 99999 -0.0104663 -0.246931 0.309688 353.989 -37.4094     28;28;28;28;28;-;-;-;-
LeoI                152.1146    12.3059   22.15 0.1  0.1     3.53 0.03  0.03   0.31 0.01  0.01   78.0 1.0  1.0       282.9 0.5  0.5      9.2 0.4  0.4      -1.45 0.01  0.01      dSph  high  0.32 99999 99999  -0.0452611 -0.179443 0.242992 225.985 49.1206  16;59;16;16;16;60;60;19;19
LeoII               168.3627    22.1529   21.68 0.11  0.11   2.46 0.03  0.03   0.07 0.02  0.02   40.0 9.0  9.0        78.3 0.6  0.6      7.4 0.4  0.4      -1.63 0.01  0.01      dSph  high  0.40 99999 99999  -0.0876462 -0.202728 0.271865 220.168 67.2396  16;61;16;16;16;62;62;19;19
LeoIV               173.2405    -0.5453   20.94 0.07  0.07   2.61 0.32  0.32   0.19 0.09  0.09  -28.0 30.0  30.0     131.4 1.2  1.1      3.6 1.0  1.1      -2.47 0.14  0.14      UFD  high  0.42 0.12 0.09  -0.148227 -0.252642 0.471807 265.448 56.5195     16;63;16;16;16;64;64;64;64
LeoV                172.7857     2.2194   21.25 0.08  0.08   1.05 0.39  0.39   0.45 0.18  0.18  -64.0 33.0  33.0     173.0 1.0  -0.8    0  99999 99999      -2.28 0.15  0.16      UFD  high   0.34 0.17 0.10   -0.115568 -0.205434 0.3441 261.87 58.5429     16;65;16;16;16;64;64d;64;64
LeoT                143.7292    17.0482   23.06 0.15  0.15   1.27 0.13  0.13   0.24 0.09  0.09 -104.0 20.0  20.0      38.1 2.0  2.0      7.5 1.6  1.6      -1.74 0.04  0.04      UFD  low  0.54 99999 99999  -0.0154226 -0.114554 0.15181 214.849 43.6694   16;66;16;16;16;18;18;19;19
PegasusIII          336.1020     5.405    21.66 0.12  0.12   0.85 0.22  0.22   0.38 0.22  0.38  114.0 19.0  17.0    -222.9 2.6  2.6      5.4 3.0  2.5      -2.55  0.15 0.15  UFD  high   99999 99999 99999  0.0672061 -0.175163 0.325129 69.8536 -41.8201 67;67;67;67;67;67;67;67;67
Phoenix              27.77625  -44.44472  23.06 0.12  0.12   2.3 0.07  0.07    0.3 0.03  0.03     8.0 4.0  4.0       -21.2 1.0  1.0      9.3 0.7  0.7      -1.49 0.04  0.04      late-type  high   0.51 0.04 0.04  0.0838376 -0.0847229 0.154632 272.137 -68.9451   68e;69;70;70;70;71;71;71;71
PhoenixII           354.99279  -54.40495  19.6 0.2  0.2      1.5 0.3  0.3      0.4 0.1  0.1      156 13 13            32.4 3.7  3.8      11.0 9.4  5.3     -2.51 0.19 0.17  UFD  high   0.33 0.29 0.16   0.235693 -0.442481 0.83313 323.675 -59.7514 72;72;72;72;72;32;32;32;32
PictorII            101.18     -59.897    18.3 0.12  0.15    3.8 1.5  1.0      0.13 0.22  0.13    14.0 60.0  66.0  99999 99999 99999 99999 99999 99999  -1.8 0.3  0.3      UFD  high   99999 99999 99999   0.41453 0.140553 2.23071 269.626 -24.0474  75;75;75;75;75;-;-;-;-
PictorI              70.9490   -50.2854   20.3 0.2  0.2      0.89 0.36  0.36   0.57 0.19  0.19    69.0 21.0  21.0  99999 99999 99999 99999 99999 99999 99999 99999 99999  UFD  high    99999 99999 99999  0.274827 -0.107561 0.691697 257.291 -40.639  16;53;16;16;16;-;-;-;- 
PiscesII            344.6345     5.9526   21.31 0.17  0.17   1.18 0.2  0.2     0.39 0.1  0.1      98.0 13.0  13.0   -226.5 2.7  2.7      5.4 3.6  2.4      -2.45 0.07  0.07      UFD  high    0.48 0.7 0.29   0.101231 -0.196044 0.37801 79.2097 -47.1116   16;76;16;16;16;36;36;36;36
ReticulumII          53.94929  -54.04661  17.5 0.1  0.1      6.3 0.4  0.4      0.6 0.1  0.1       68.0 2.0  2.0       64.7 1.3  0.8      3.22 1.64  0.49      -2.46 0.09  0.1      UFD  high  0.29 0.13 0.05  1.10691 -0.559792 3.49022 266.272 -49.7192  72;72;72;72;72;54;54;54;54
ReticulumIII         56.36     -60.45     19.81 0.31  0.31   2.4 0.9  0.8      0 0.4 0             99999 99999 99999 274.2 7.5  7.4     0  31.2 0     -2.81 0.29 0.29 UFD  high   0.35 0.21 0.09  0.378689 -0.134753 0.93036 273.867 -45.6437   28;28;28;28;28;32;32;32;32 
SagittariusII       298.16471  -22.06505  19.2 0.2  0.2      1.7 0.5  0.5      0 0.12 99999      103 28 17  -177.2 0.5  0.6      1.7 0.5  0.5      -2.23 0.07  0.07      UFD  medium   0.2 99999 99999   -0.127333 -0.673591 1.27582 18.9314 -22.9058  72;72;121;121;121;77;77;77;77
Sculptor             15.0183   -33.7186   19.62 0.04  0.04  12.43 0.18  0.18   0.36 0.01  0.01    92.0 1.0  1.0      110.6 0.5  0.5      10.1 0.3  0.3      -1.68 0.01  0.01      dSph  high   0.46 99999 99999  0.365101 -0.488691 1.00995 287.463 -83.1543  16;78;16;16;16;79;19;19
Segue1              151.7504    16.0756   16.8 0.2  0.2      3.93 0.42  0.42   0.32 0.13  0.13    75.0 18.0  18.0    208.5 0.9  0.9      3.7 1.4  1.1      -2.71 0.45  0.39      UFD  high   0.95 0.42 0.26   -0.49186 -2.05295 4.99036 220.476 50.4342  16;80;16;16;16;81;81;82;82  
Segue2               34.8226    20.1624   17.68 0.17  0.17   3.64 0.29  0.29   0.21 0.07  0.07   166.0 16.0  16.0    -40.2 0.9  0.9      0 2.6  0      -2.22 0.13  0.13      UFD  high    0.43 99999 99999   1.01583 -1.00893 3.0389 149.435 -38.1313   16;83;16;16;16;84;84;84;84
Sextans            153.268     -1.618    19.64 0.01  0.01  21.4 0.7  0.6      0.27 0.03  0.03    52.0 3.0  3.0      226.0 0.6  0.6      8.4 0.4  0.4      -1.90 0.01  0.01      dSph  high   0.6 99999 99999  -0.141394 -0.445242 1.00019 243.499 42.2796  85;86;85;85;85;87;87;87;87
TriangulumII         33.3252    36.1702   17.27 0.11  0.11   2.34 0.58  0.58   0.48 0.17  0.17    28 19  19         -381.7 1.1  1.1     0  4.2 0  -2.24 0.05  0.05      UFD  high    0.53 0.38 0.12   1.23304 -0.984327 3.82994 140.902 -23.8247    16;31;16;16;16;88;88;88;88
TucanaII            342.9796   -58.5689   18.8 0.2  0.2      9.83 1.66  1.11   0.39 0.1  0.2     107.0 18.0  18.0   -129.1 3.5  3.5      8.6 4.4  2.7      -2.23 0.18  0.12      UFD  high   0.29 0.15 0.12  0.306243 -0.814203 1.71154 328.073 -52.3285   53;53;53;53;52;52;89;89
TucanaIII           359.1075   -59.58332  16.8 0.1  0.1      5.1 1.2  1.2      0.2 0.1 0.1        25 38 38          -101.2 0.5  0.5      0.9 0.6  0.5      -2.42 0.07  0.08      UFD  high    99999 0.19 99999  1.01154 -1.63531 4.71442 315.408 -56.1928  72;72;72;72;72;90;90;90;90
TucanaIV              0.717    -60.83     18.36 0.18  0.19   9.3 1.4  0.9      0.39 0.07  0.1     27.0 9.0  8.0       15.9 1.8  1.7      4.3 1.7  1.0      -2.49 0.15  0.16      UFD  high   0 0.64 0   0.545274 -0.834943 2.1317 313.272 -55.2937   73;73;73;73;73;73;73;73;73
TucanaV             354.347    -63.266    18.70 0.11  0.34   2.1 0.6  0.4      0.51 0.1  0.2      29.0 11.0  11.0    -36.2 2.5  2.2     0 7.4 0  -2.17 0.23  0.23      UFD  low    99999 99999 99999   0.423458 -0.754067 1.79675 316.296 -51.8944   73;73;73;73;73;73;73;73;73
UrsaMajorI          158.7706    51.9479   19.94 0.13  0.13   8.13 0.31  0.31   0.59 0.03  0.03    67.0 2.0  2.0      -55.3 1.4  1.4      7.6 1.0  1.0      -2.10 0.03  0.03      UFD  high    0.65 99999 99999   -0.157754 -0.51127 0.854346 159.418 54.4194   16;91;16;16;16;18;18;19;19
UrsaMajorII         132.8726    63.1335   17.7 0.16  0.16   13.9 0.4  0.4      0.55 0.03  0.03   -76.0 2.0  2.0      -116.5 1.9  1.9      6.7 1.4  1.4      -2.18 0.05  0.05      UFD  high    0.66 99999 99999   0.00879136 -1.56495 3.38152 152.455 37.4471  16;92;16;16;16;18;18;19;19
UrsaMinor           227.2420    67.2221   19.41 0.12  0.12  18.2 0.1  0.1      0.55 0.01  0.01    50.0 1.0  1.0      -246.9 0.4  0.4      8.0 0.3  0.3      -2.13 0.01  0.01      dSph  high    0.43 99999 99999  -0.468366 -0.170176 1.17527 104.954 44.7978  16;93;16;16;16;43;43;19;19
VirgoI              180.038      0.681    19.8 0.2  0.1      1.76 0.49  0.4    0.59 0.12  0.14    62.0 8.0  13.0   99999 99999 99999 99999 99999 99999 99999 99999 99999  UFD  high    99999 99999 99999   -0.284271 -0.433035 0.936119 275.862 60.8312     94;94;94;94;94;-;-;-;-
Willman1            162.3436    51.0501   17.9 0.4  0.4      2.52 0.21  0.21   0.47 0.06  0.06    74.0 4.0  4.0       -14.1 1.0  1.0      4.0 0.8  0.8      -2.1  99999 99999  UFD  high    99999 99999 99999   -0.454365 -1.28534 2.73273 158.563 56.7852   16;95;16;16;16;96;96;96;-
LeoA                149.86042   30.74639  24.28  0.05 0.05   2.30 0.9 0.9      0.42 0.05 0.05    116 6 6               26.2 1.0 0.9      9.0 0.8 0.6  -1.7 0.1 0.1  late-type  medium    0.42 99999 99999   -0.0127041 -0.0640972 0.0793049 196.897 52.4308     68;99;99;99;99;100;100;100;19
IC10                  5.07208   59.30389  24.27  0.18 0.18   3.22 0.3 0.3      0.07 0.08 0.027   100 10 10           -348 1 1         99999 99999 99999  -1.28 99999 99999  late-type  high    99999 99999 99999  0.0352103 -0.0013276 0.159342 118.956 -3.32786   97;98;97;97;97;68;-;68;-  
IC1613               16.19917    2.11778  24.4  0.014 0.014  7.57 0.05 0.05    0.20 0.05 0.05     90 1 1             -234 0.6 0.6      11.3 0.5 0.5  -1.1 0.1 0.1  late-type  high    0.28 99999 99999   0.0419788 -0.0510918 0.0838108 129.749 -60.5762  68;101;99;99;99;102;102;102;102
LGS3                 15.97917   21.88500  24.43  0.07 0.07   2.1 0.2 0.2       0.2 99999 99999     0 99999 99999     -282.2 3.5 3.5     7.9 5.3 2.9  -2.1 0.22 0.22  late-type  low    99999 99999 99999   0.0411312 -0.039373 0.164562 126.766 -40.8933  68;68;68;103;103;104;104;103;-
NGC6822             296.23583  -14.78917  23.36  0.17 0.17  11.95 0.7 0.7      0.28 0.15 0.15     67 15 15            -54.5 1.7 1.7   23.2 1.2 1.2  -1.05 0.1 0.1  late-type  high   0.49 99999 99999   -0.0227876 -0.101474 0.137816 25.3476 -18.3976   68;105;99;99;99;106;106;19;19
Peg-dIrr            352.15125   14.74306  24.4  0.2 0.2      3.81 0.05 0.05    0.56 0.05 0.05    126.3 0.3 0.3       -179.5 1.5 1.5   12.3 1.2 1.1  -1.39 0.01 0.01  late-type  low    0.56 99999 99999   0.0242601 -0.0335212 0.0687543 94.7807 -43.558 68;107;99;99;99;106;106;19;19
WLM                   0.49250  -15.46083  24.85  0.08 0.08   4.10 0.13 0.13    0.54 0.06 0.06    177 0.5 0.5         -130 1 1         17.5 2 2   -1.14 0.04 0.04  late-type  high    0.39 99999 99999   0.0279868 -0.0474055 0.067811 75.8802 -73.6305   68;68;99;99;99;108;108;108;108
Sg-dIrr             292.49583  -17.68083  25.14  0.18 0.18   1.43 0.08 0.08    0.56 0.18 0.18     86.9 3.4 3.4        -78.4 1.6 1.6    9.4 1.5 1.1  -1.9 0.13 0.1  late-type  low    99999 99999 99999   -0.0118717 -0.0444993 0.0593335 21.0522 -16.293  68e;109;99;99;99;100;100;100;- 
UGC4879             139.00917   52.84000  25.61  0.13 0.13   1.13 0.1 0.1      0.43 0.06 0.06     81.2 6.5 6.5        -29.2 1.6  1.6   9.6 1.3 1.2  -1.43 0.02 0.02  late-type  low   0.52 99999 99999   -0.00259219 -0.0381398 0.0464836 164.656 42.89   68e;110;99;99;99;106;106;19;19
NGC3109             150.77875  -26.15972  25.57  0.08 0.08   4.3 0.1 0.1       0.82 0.01 0.01     91.5 1 1            403 2 2      99999 99999 99999  -1.84 0.2 0.2  late-type  medium   99999 99999 99999   -0.00821713 -0.0155453 0.0486743 262.101 23.0756 68e;68e;68e;68e;68e;68e;-;68e;-
SextansA            152.75333   -4.69278  25.77  0.12 0.12   1.8 99999 99999   0.0 99999 99999     0 99999 99999      324 1 1      99999 99999 99999  -1.45 0 0  late-type  low    99999 99999 99999   -0.00827261 -0.0253644 0.0441875 246.149 39.8826   68e;111;111;111;111;68;-;112;-
M33                  23.46208   30.66028  24.80  0.05 0.05  99999 99999 99999  0.41 99999 99999   23 99999 99999     -180.0 3. 3.  99999 99999 99999  99999 99999 99999  spiral  high   99999 99999 99999   0.0413995 -0.0340567 0.156434 133.612 -31.3289  68e;113;-;68;68;114;-;-;-
Antlia              151.01708  -27.33111  25.65 0.10 0.10    1.20 0.12   0.12  0.40 0.04 0.04    135 5 5              362    2    2 99999 99999 99999 -1.6 0.1 0.1 late-type  low    99999 99999 99999    -0.0080246 -0.014271 0.0469137 263.096 22.3176  68e;68e;68e;68e;68e;68e;-;68e;-
NGC185                9.74167   48.3375   23.96 0.07 0.07    2.94 0.04 0.04    0.22 0.01 0.01     45.9 1.2 1.2       -203.8 1.1 1.1   24  1  1        -0.98 0.05 0.05 late-type  low    0.5 99999 99999  0.0481202 -0.0184001 0.205272 120.791 -14.4827  68e;115;116;116;116;117;117;117;118
NGC205               10.09208   41.68528  24.58 0.07 0.07    2.46 0.10   0.10  0.43 0.10 0.10     28 5 5             -246     1   1   35  5  5  -0.87 0.05 0.05 late-type  low    0.5 99999 99999  0.0361475 -0.019778 0.153578 120.716 -21.1391    68e;119;68e;68e;68e;120;120;118;118
SextansB            150.00042    5.33222  25.80 0.12 0.12    1.9  99999 99999  0.31 99999 99999   95 15 15            304    1    1  99999 99999 99999   -1.6 99999 99999 late-type  low   99999 99999 99999   -0.00716969 -0.029606 0.0443915 233.2 43.7917 68e;111;111;111;111;68;-;111;-
